[
    [],

    [
        [[(225, 95), (220, 105), (210, 105), (217, 112), (215, 122), (225, 116), (235, 122), (233, 112), (240, 105), (230, 105)], ()],
        [[(260, 95), (255, 105), (245, 105), (252, 112), (250, 122), (260, 116), (270, 122), (268, 112), (275, 105), (265, 105)], ()]
    ],

    [
        [[(225, 95), (220, 105), (210, 105), (217, 112), (215, 122), (225, 116), (235, 122), (233, 112), (240, 105), (230, 105)], (255,255,255)],
        [[(227, 100), (224, 107), (218, 107), (222, 111), (221, 117), (227, 114), (233, 117), (232, 111), (236, 107), (230, 107)], (255, 255, 255)],
        [[(228, 105), (226, 109), (222, 109), (224, 111), (223, 114), (228, 112), (233, 114), (232, 111), (234, 109), (230, 109)], ()],
        [[(260, 95), (255, 105), (245, 105), (252, 112), (250, 122), (260, 116), (270, 122), (268, 112), (275, 105), (265, 105)], (255,255,255)],
        [[(262, 100), (259, 107), (253, 107), (257, 111), (256, 117), (262, 114), (268, 117), (267, 111), (271, 107), (265, 107)], (255, 255, 255)],
        [[(263, 105), (261, 109), (257, 109), (259, 111), (258, 114), (263, 112), (268, 114), (267, 111), (269, 109), (265, 109)], ()]
    ],

    [
        [[(225, 102), (245, 102), (245, 112), (225, 112)], ()],
        [[(255, 102), (275, 102), (275, 112), (255, 112)], ()]
    ],


    [
        [[(220, 100), (245, 100), (245, 110), (220, 110)], (255, 255, 255)],
        [[(228, 103), (237, 103), (237, 107), (228, 107)], ()],
        [[(255, 100), (280, 100), (280, 110), (255, 110)], (255, 255, 255)],
        [[(263, 103), (272, 103), (272, 107), (263, 107)], ()]
    ],
    
    [
        [[(218, 98), (247, 95), (247, 112), (218, 115)], (255, 255, 255)],
        [[(225, 101), (240, 99), (240, 109), (225, 111)], ()],
        [[(230, 103), (235, 102), (235, 107), (230, 108)], (0, 0, 0)],
        [[(231, 104), (233, 104), (233, 105), (231, 105)], (255, 255, 255)],
        [[(253, 98), (282, 95), (282, 112), (253, 115)], (255, 255, 255)],
        [[(260, 101), (275, 99), (275, 109), (260, 111)], ()],
        [[(265, 103), (270, 102), (270, 107), (265, 108)], (0, 0, 0)],
        [[(266, 104), (268, 104), (268, 105), (266, 105)], (255, 255, 255)]
    ],

    [
        [[(220, 100), (245, 97), (247, 105), (222, 113)], (255, 255, 255)],
        [[(226, 102), (240, 100), (242, 107), (228, 110)], ()],
        [[(230, 104), (236, 103), (237, 106), (231, 107)], (0, 0, 0)],
        [[(253, 100), (278, 97), (280, 105), (255, 113)], (255, 255, 255)],
        [[(260, 102), (274, 100), (276, 107), (262, 110)], ()],
        [[(264, 104), (270, 103), (271, 106), (265, 107)], (0, 0, 0)]
    ],

    [
        [[(215, 95), (250, 93), (252, 115), (215, 120)], (255, 255, 255)],
        [[(220, 99), (245, 97), (247, 112), (222, 116)], ()],
        [[(228, 102), (240, 101), (241, 109), (229, 113)], (255,0,0)],
        [[(232, 104), (237, 103), (238, 107), (233, 108)], (0, 0, 0)],
        [[(233, 100), (235, 99), (235, 101), (233, 102)], (255, 255, 255)],
        [[(229, 108), (231, 107), (231, 109), (229, 110)], (255, 255, 255)],
        [[(248, 95), (283, 93), (285, 115), (248, 120)], (255, 255, 255)],
        [[(255, 99), (280, 97), (282, 112), (257, 116)], ()],
        [[(260, 102), (275, 101), (276, 109), (261, 113)], (255,0,0)],
        [[(265, 104), (270, 103), (271, 107), (266, 108)], (0, 0, 0)],
        [[(266, 100), (268, 99), (268, 101), (266, 102)], (255, 255, 255)],
        [[(262, 108), (264, 107), (264, 109), (262, 110)], (255, 255, 255)]
    ]
]



