[
    
   [

   ],


    #5
    [
    [[(219, 155), (219, 220), (280, 220), (280, 155)], (255,255,0)],
    [[(235, 185), (240, 180), (245, 185), (240, 190)], (255,255,255)],  
    [[(255, 185), (260, 180), (265, 185), (260, 190)], (255,255,255)],
    [[(240, 210), (250, 220), (260, 210)], (255,0,0)]  
    ],

     #6
    [
    [[(219, 155), (219, 220), (280, 220), (280, 155), (269, 155), (269, 169), (231, 169), (230, 155)], ()],
    [[(230, 170), (235, 175), (240, 180), (245, 185), (250, 190)], (0, 0, 0)],
    [[(260, 170), (255, 175), (250, 180), (245, 185), (240, 190)], (0, 0, 0)],
    ],


    
    #13
    [
        [[(219, 155), (219, 220), (280, 220), (280, 155), (269, 155), (269, 169), (231, 169), (230, 155)], ()]
    ],

    
    #16
    [
        [[(219, 155), (219, 220), (280, 220), (280, 155), (269, 155), (269, 169), (231, 169), (230, 155)], ()],
        [[(241, 184), (238, 185), (236, 189), (236, 194), (250, 208), (262, 196), (263, 189), (260, 185), (254, 184), (250, 186), (246, 184)], (255, 0, 0)]
    ],

   
    
    #21
    [
        [[(219, 155), (219, 220), (280, 220), (280, 155), (269, 155), (269, 169), (231, 169), (230, 155)], ()],
        [[(219, 175), (280, 175), (280, 180), (219, 180)], (255, 255, 255)],
        [[(219, 190), (280, 190), (280, 195), (219, 195)], (255, 255, 255)],
        [[(219, 205), (280, 205), (280, 210), (219, 210)], (255, 255, 255)]
    ],
    
    #23
    [
    [[(219, 155), (219, 220), (280, 220), (280, 155), (269, 155), (269, 169), (231, 169), (230, 155)], (0,0,0)],
    [[(260, 170), (275, 190), (240, 190), (245, 195), (250, 180)], (255, 0, 0)],
    [[(260, 170), (235, 175), (270, 180), (235, 185), (240, 180)], (255, 0, 0)],
    ],

]
