[
    [],
    [
        [[(407, 219), (387, 226), (357, 263), (344, 257), (341, 268), (347, 269), (349, 264), (354, 268), 
        (338, 280), (338, 287), (347, 288), (359, 273), (363, 279), (359, 278), (357, 284), (368, 285), (371, 280), (364, 270), (401, 240)],(0,0,0)]
    ],
    [
        [[(298, 229), (346, 248), (344, 262), (351, 264), (354, 256), (451, 307), (482, 305), (464, 280), 
        (362, 241), (360, 230), (350, 240), (305, 216)],()]
    ],
    [
        [[(415, 224), (328, 264), (329, 272), (216, 347), (193, 377), (302, 304), (344, 286), (344, 278), 
        (416, 234)],()]
    ],
]