[
    [

    ],

    [
        [[(197, 78), (193, 101), (205, 134), (205, 127), (214, 134), (220, 101), (220, 118), (241, 129), (234, 100), (246, 82), (268, 136), (276, 123), (276, 133), (284, 126), (284, 131), (298, 113), (292, 76), (272, 55), (232, 50)], ()]
    ],

    [
        [[(270, 48), (235, 42), (202, 68), (199, 162), (175, 193), (184, 189), (191, 222), (196, 200), (237, 163), (237, 134), (223, 127), (236, 80), (277, 75), (287, 134), (293, 76)], ()]
    ],

    [
        [[(293, 74), (282, 60), (271, 58), (273, 52), (269, 58), (264, 50), (267, 56), (232, 53), (206, 72), (202, 99), (207, 111), (233, 96), (237, 101), (242, 93), (242, 99), (255, 93), (264, 74), (273, 77), (275, 87), (272, 74), (277, 97), (285, 89), (282, 105), (291, 99), (293, 106)], ()]
    ],


    [
        [[(210, 65), (197, 104), (212, 142), (214, 130), (227, 145), (224, 128), (235, 155), (233, 95), (239, 109), (242, 83), (260, 74), (283, 107), (278, 156), (292, 137), (301, 149), (298, 89), (284, 61), (235, 50)], ()]
    ],

    [
        [[(293, 50), (276, 59), (275, 41), (250, 55), (189, 67), (200, 84), (184, 87), (204, 146), (206, 138), (220, 160), (225, 152), (231, 159), (242, 136), (220, 124), (225, 93), (238, 80), (250, 103), (256, 88), (263, 103), (270, 83), (295, 100)] ,()],
    ],

    [
        [[(293, 50), (276, 59), (275, 41), (250, 55), (189, 67), (200, 84), (184, 87), (204, 146), (206, 138), (220, 160), (225, 152), (231, 159), (242, 136), (220, 124), (225, 93), (238, 80), (250, 103), (256, 88), (263, 103), (270, 83), (295, 100)] ,()],
        [[(287, 107), (281, 121), (269, 132), (254, 137), (269, 176), (275, 156), (277, 156), (282, 145), (287, 143), (291, 136), (308, 134)],()]
    ],

    [
        [[(293, 50), (276, 59), (275, 41), (250, 55), (189, 67), (200, 84), (184, 87), (204, 146), (206, 138), (220, 160), (225, 152), (231, 159), (242, 136), (220, 124), (225, 93), (238, 80), (250, 103), (256, 88), (263, 103), (270, 83), (295, 100)] ,(0,0,0)],
        [[(287, 107), (281, 121), (269, 132), (254, 137), (269, 176), (275, 156), (277, 156), (282, 145), (287, 143), (291, 136), (308, 134)],(0,0,0)],
        [[(291, 89), (287, 54), (267, 68), (270, 61), (235, 61), (252, 91), (262, 75)],()]
    ],

    [
        [[(219, 3), (202, 17), (220, 26), (178, 65), (170, 102), (197, 104), (202, 151), (231, 81), (253, 117), (257, 81), (273, 82), (287, 112), (259, 165), (285, 155), (298, 189), (319, 113), (337, 120), (328, 78), (358, 74), (336, 38), (292, 35), (266, 14), (269, 0), (247, 11)], ()]
    ],

]
