[
    [

    ],
    
    # 1
    [
        [[(235, 255), (222, 274), (215, 331), (242, 329), (249, 292), (256, 330), (284, 326), (276, 271), (263, 255)], ()]
    ],

    # 2
    [
        [[(213, 283), (287, 283), (263, 255), (235, 255)], ()]
    ],

    [
        [[(213, 283), (287, 283), (263, 255), (235, 255)], ()],
        [[(225, 260), (235, 260), (230, 275)], (255, 0, 0)],
        [[(245, 260), (255, 260), (250, 275)], (0, 0, 255)],
        [[(265, 260), (275, 260), (270, 275)], (0, 255, 0)]
    ],

    [
        [[(233, 255), (266, 255), (213, 295)], ()],
        [[(233, 255), (266, 255), (284, 299)], ()],
        [[(230, 255), (266, 255), (245, 330)], (0, 0, 0)],
    ],

    [
        [[(213, 283), (287, 283), (263, 255), (235, 255)], ()],
        [[(220, 258), (228, 258), (224, 266)], (0, 0, 0)],    
        [[(235, 258), (243, 258), (239, 266)], (0, 0, 0)],    
        [[(250, 258), (258, 258), (254, 266)], (0, 0, 0)],   
        [[(265, 258), (273, 258), (269, 266)], (0, 0, 0)],
        [[(227, 268), (235, 268), (231, 276)], (0, 0, 0)],  
        [[(242, 268), (250, 268), (246, 276)], (0, 0, 0)],  
        [[(257, 268), (265, 268), (261, 276)], (0, 0, 0)]   
    ],


    # 3
    [
        [[(235, 255), (222, 274), (199, 435), (231, 443), (250, 294), (270, 443), (305, 435), (277, 273), (263, 255)], ()]
    ],

    # 5
    [
        [[(235, 255), (213, 283), (287, 283), (263, 255)], ()],
        [[(235, 260), (263, 260), (263, 265), (235, 265)], (255, 255, 255)]
    ],

    # 6
    [
        [[(235, 255), (225, 270), (230, 350), (270, 350), (275, 270), (263, 255)], ()]
    ],

    # 7
    [
        [[(235, 255), (225, 270), (230, 300), (270, 300), (275, 270), (263, 255)], ()]
    ],

    # 8
    [
        [[(235, 255), (225, 270), (230, 350), (270, 300), (275, 270), (263, 255)], ()]
    ],

    # 9
    [
        [[(235, 255), (225, 270), (230, 300), (270, 340), (275, 270), (263, 255)], ()]
    ]
]
