[
    
   [

   ],


   # 2
    [
        [[(219, 155), (219, 200), (280, 200), (280, 155), (269, 155), (269, 169), (231, 169), (230, 155)], ()],
        [[(250, 175), (245, 185), (235, 185), (242, 192), (240, 202), (250, 196), (260, 202), (258, 192), (265, 185), (255, 185)], (255, 255, 0)]
    ],
        
    #3
    [
        [[(219, 155), (219, 220), (280, 220), (280, 155), (269, 155), (269, 169), (231, 169), (230, 155)], ()],
        [[(232, 191), (240, 199), (239, 211), (250, 206), (260, 211), (258, 199), (267, 190), (255, 189), (249, 178), (243, 189)], (255, 255, 0)]
    ],

    #3
    [
        [[(219, 155), (219, 220), (280, 220), (280, 155), (269, 155), (269, 169), (231, 169), (230, 155)], ()],
        [
            [(247, 177), (247, 183), (242, 191), (243, 202), (241, 205), (237, 203), (237, 194), (234, 207), 
            (241, 218), (253, 220), (263, 214), (265, 202), (262, 195), (262, 203), (257, 203), (258, 190), (254, 186), (255, 195), (249, 196), (250, 184)],(255,200,0)
        ],
        [
            [(248, 190), (248, 194), (244, 199), (245, 207), (242, 209), (240, 202), (238, 212), (244, 219), 
            (254, 220), (260, 215), (261, 208), (259, 203), (259, 208), (255, 208), (256, 199), (254, 196), (254, 202), (252, 204), (249, 202), (250, 195)],(255,255,0)
        ]
    ],

    #1
   [ 
    [[(219, 155), (219, 220), (280, 220), (280, 155)], (0,0,0)],
    [[(219, 220), (280, 220), (250, 240)], (0,0,0)] ,
    [[(250, 175), (245, 185), (235, 185), (242, 192), (240, 202), (250, 196), (260, 202), (258, 192), (265, 185), (255, 185)], ()]
    ],
    
    #4
    [ 
    [[(219, 155), (219, 220), (280, 220), (280, 155), (269, 155), (269, 170), (231, 170), (230, 155)], ()],
    [[(220, 175), (250, 185), (280, 175), (250, 195)], (255,255,255)],  
    ],

    #5
    [
    [[(219, 155), (219, 220), (280, 220), (280, 155)], (255,255,0)],
    [[(235, 185), (240, 180), (245, 185), (240, 190)], (255,255,255)],  
    [[(255, 185), (260, 180), (265, 185), (260, 190)], (255,255,255)],
    [[(240, 210), (250, 220), (260, 210)], (255,0,0)]  
    ],

     #6
    [
    [[(219, 155), (219, 220), (280, 220), (280, 155), (269, 155), (269, 169), (231, 169), (230, 155)], ()],
    [[(230, 170), (235, 175), (240, 180), (245, 185), (250, 190)], (0, 0, 0)],
    [[(260, 170), (255, 175), (250, 180), (245, 185), (240, 190)], (0, 0, 0)],
    ],

    #7
    [
    [[(219, 155), (280, 155), (250, 220)], ()]  
    ],

    #8
    [
    [[(219, 155), (219, 220), (280, 220), (280, 155)], ()], 
    ],

    #9
    [
    [[(219, 155), (219, 190), (280, 210), (280, 155)], ()],
    [[(219, 155), (280, 155), (250, 220)], ()]  
    ],

    #10
    [
    [[(219, 155), (219, 190), (280, 190), (280, 155)], ()],
    [[(219, 155), (280, 155), (250, 220)], ()]  
    ],

    # 11
    [
        [[(219, 155), (219, 220), (280, 220), (280, 155), (269, 155), (269, 169), (231, 169), (230, 155)], ()],
        [[(174, 192), (128, 241), (143, 255), (189, 206)], ()],
        [[(323, 192), (308, 206), (356, 254), (370, 239)], ()],
        [[(232, 191), (240, 199), (239, 211), (250, 206), (260, 211), (258, 199), (267, 190), (255, 189), (249, 178), (243, 189)], (255, 255, 0)]
    ],

    #12
    [
    [[(219, 155), (219, 220), (280, 220), (280, 155)], ()],
    [[(240, 170), (260, 170), (250, 200)], (255,255,255)]  
    ],
    
    #13
    [
        [[(219, 155), (219, 220), (280, 220), (280, 155), (269, 155), (269, 169), (231, 169), (230, 155)], ()]
    ],

    #14
    [
        [[(219, 155), (219, 220), (280, 220), (280, 155), (269, 155), (269, 169), (231, 169), (230, 155)], ()],
        [[(233, 173), (233, 210), (265, 210), (265, 173), (257, 173), (256, 184), (253, 183), (253, 173), 
        (245, 173), (245, 184), (242, 183), (241, 173)],(70,70,70)]
    ],
   
    #15
    [
    [[(219, 155), (219, 220), (280, 220), (280, 155)], ()],
    [[(230, 160), (270, 160), (270, 165), (230, 165)], (255, 255, 255)], 
    [[(235, 190), (265, 190), (265, 195), (235, 195)], (255, 255, 255)],
    [[(240, 205), (260, 205), (250, 215)], (255,255,255)]  
    ],
    
    #16
    [
        [[(219, 155), (219, 220), (280, 220), (280, 155), (269, 155), (269, 169), (231, 169), (230, 155)], ()],
        [[(241, 184), (238, 185), (236, 189), (236, 194), (250, 208), (262, 196), (263, 189), (260, 185), (254, 184), (250, 186), (246, 184)], (255, 0, 0)]
    ],

    #17
    [
        [[(219, 155), (219, 220), (280, 220), (280, 155), (269, 155), (269, 169), (250, 175), (231, 169), (230, 155)], ()]
    ],

    #18
    [
        [[(219, 169), (219, 220), (280, 220), (280, 169), (250, 191)], ()]
    ],
    
    #19
    [
        [[(193, 163), (193, 174), (219, 174), (219, 220), (280, 220), (280, 173), (303, 172), (303, 163), (281, 163), (280, 155), (269, 155), (269, 169), (231, 169), (230, 155), (219, 155), (219, 163)], ()]
    ],
    
    #20
    [
    [[(219, 155), (219, 220), (280, 220), (280, 155)], ()],
    [[(219, 155), (280, 155), (250, 220)], (0,0,0)]  
    ],
    
    #21
    [
        [[(219, 155), (219, 220), (280, 220), (280, 155), (269, 155), (269, 169), (231, 169), (230, 155)], ()],
        [[(219, 175), (280, 175), (280, 180), (219, 180)], (255, 255, 255)],
        [[(219, 190), (280, 190), (280, 195), (219, 195)], (255, 255, 255)],
        [[(219, 205), (280, 205), (280, 210), (219, 210)], (255, 255, 255)]
    ],
    
    #22
    [
    [[(219, 155), (219, 190), (280, 210), (280, 155)], ()],  
    ],
      
    #23
    [
    [[(219, 155), (219, 220), (280, 220), (280, 155), (269, 155), (269, 169), (231, 169), (230, 155)], (0,0,0)],
    [[(260, 170), (275, 190), (240, 190), (245, 195), (250, 180)], (255, 0, 0)],
    [[(260, 170), (235, 175), (270, 180), (235, 185), (240, 180)], (255, 0, 0)],
    ],

]
