[
    [],

    [
        [[(196, 412), (196, 449), (238, 449), (238, 412)], ()],   
        [[(260, 412), (260, 449), (303, 449), (303, 412)], ()],   
        [[(217, 420), (220, 425), (227, 425), (222, 430), (225, 437), (217, 433), (209, 437), (212, 430), (207, 425), (214, 425)], (255, 255, 0)], 
        [[(281, 420), (284, 425), (291, 425), (286, 430), (289, 437), (281, 433), (273, 437), (276, 430), (271, 425), (278, 425)], (255, 255, 0)],
    ],


    [
        [[(196, 412), (196, 449), (238, 449), (238, 412)], ()],
        [[(217, 412), (217, 418), (212, 426), (213, 437), (211, 440), (207, 438), (207, 429), (204, 442), 
        (211, 453), (223, 455), (233, 449), (235, 437), (232, 430), (232, 438), (227, 438), (228, 425), (224, 421), (225, 430), (219, 431), (220, 419)], (255, 200, 0)],
        [[(218, 425), (218, 429), (214, 434), (215, 442), (212, 444), (210, 437), (208, 447), (214, 454), 
        (224, 455), (230, 450), (231, 443), (229, 438), (229, 443), (225, 443), (226, 434), (224, 431), (224, 437), (222, 439), (219, 437), (220, 430)], (255, 255, 0)],
        [[(260, 412), (260, 449), (303, 449), (303, 412)], ()],
        [[(281, 412), (281, 418), (276, 426), (277, 437), (275, 440), (271, 438), (271, 429), (268, 442), 
        (275, 453), (287, 455), (297, 449), (299, 437), (296, 430), (296, 438), (291, 438), (292, 425), (288, 421), (289, 430), (283, 431), (284, 419)], (255, 200, 0)],
        [[(282, 425), (282, 429), (278, 434), (279, 442), (276, 444), (274, 437), (272, 447), (278, 454), 
        (288, 455), (294, 450), (295, 443), (293, 438), (293, 443), (289, 443), (290, 434), (288, 431), (288, 437), (286, 439), (283, 437), (284, 430)], (255, 255, 0)]
    ],

    
    [
        [[(196, 412), (196, 449), (238, 449), (238, 412)], (0,0,0)],   
        [[(260, 412), (260, 449), (303, 449), (303, 412)], (0,0,0)],   
        [[(217, 420), (220, 425), (227, 425), (222, 430), (225, 437), (217, 433), (209, 437), (212, 430), (207, 425), (214, 425)], ()], 
        [[(281, 420), (284, 425), (291, 425), (286, 430), (289, 437), (281, 433), (273, 437), (276, 430), (271, 425), (278, 425)], (255, 255, 0)],
    ],

    [
        [[(196, 412), (196, 449), (238, 449), (238, 412)], ()],   
        [[(260, 412), (260, 449), (303, 449), (303, 412)], ()],   
        [[(200, 420), (234, 420), (234, 425), (200, 425)], (255, 255, 255)],
        [[(264, 420), (299, 420), (299, 425), (264, 425)], (255, 255, 255)],
        [[(200, 435), (234, 435), (234, 440), (200, 440)], (255, 255, 255)], 
        [[(264, 435), (299, 435), (299, 440), (264, 440)], (255, 255, 255)]
    ],

    [
        [[(196, 412), (196, 449), (238, 449), (238, 412)], ()], 
        [[(260, 412), (260, 449), (303, 449), (303, 412)], ()], 
        [[(217, 418), (227, 430), (207, 430)], (0, 0, 255)],             
        [[(281, 418), (291, 430), (271, 430)], (0, 0, 255)],             
        [[(217, 435), (207, 443), (227, 443)], (255, 0, 0)],             
        [[(281, 435), (271, 443), (291, 443)], (255, 0, 0)]              
    ],
    

    [
        [[(196, 412), (196, 449), (238, 449), (238, 412)], ()],  
        [[(260, 412), (260, 449), (303, 449), (303, 412)], ()],  
        [[(217, 415), (220, 420), (225, 418), (222, 425), (227, 430), (217, 428), (207, 430), (212, 425), (209, 418), (214, 420)], (255, 255, 0)],
        [[(281, 415), (284, 420), (289, 418), (286, 425), (291, 430), (281, 428), (271, 430), (276, 425), (273, 418), (278, 420)], (255, 255, 0)]  
    ],


    [
        [[(196, 412), (196, 449), (238, 449), (238, 412)],()],
        [[(260, 412), (260, 449), (303, 449), (303, 412)],()],
        [[(217, 415), (222, 420), (217, 425), (212, 420)], (255,0,0)],  
        [[(281, 415), (286, 420), (281, 425), (276, 420)], (255, 0, 0)]   
    ],

    [
        [[(196, 412), (196, 449), (238, 449), (238, 412)], ()],
        [[(201,421),(201,451),(217,421)], (255, 0, 0)],
        [[(239,421),(239,451),(223,421)], (255, 0, 0)],
        [[(217, 415), (217, 420), (223, 435), (223, 420)],(255, 0, 0)],
        [[(260, 412), (260, 449), (303, 449), (303, 412)], ()],
        [[(265,421),(265,451),(281,421)], (255, 0, 0)],
        [[(303,421),(303,451),(287,421)], (255, 0, 0)],
        [[(281,415), (281, 420), (287, 435), (287, 420)],(255, 0, 0)]
    ],

    [
        [[(196, 412), (196, 449), (238, 449), (238, 412)],()],
        [[(260, 412), (260, 449), (303, 449), (303, 412)],()],
    ],
]