[
    [],

    [
        [[(210, 353), (200, 440), (232, 440), (242, 357)],()],
        [[(292, 353), (260, 356), (268, 440), (300, 440)],()],
    ],
    [
        [[(210, 353), (200, 440), (232, 440), (242, 357)], ()],
        [[(210, 365), (240, 369), (240, 375), (210, 371)], (0, 0, 0)],  
        [[(210, 383), (239, 387), (239, 393), (210, 389)], (0, 0, 0)],  
        [[(210, 401), (237, 405), (236, 411), (210, 407)], (0, 0, 0)], 
        [[(210, 419), (235, 423), (234, 429), (210, 425)], (0, 0, 0)],  
        [[(292, 353), (260, 356), (268, 440), (300, 440)], ()],
        [[(292, 365), (262, 368), (263, 374), (291, 371)], (0, 0, 0)],  
        [[(292, 383), (264, 386), (265, 392), (291, 389)], (0, 0, 0)],  
        [[(292, 401), (266, 404), (267, 410), (291, 407)], (0, 0, 0)],  
        [[(292, 419), (268, 422), (269, 428), (291, 425)], (0, 0, 0)]  
    ],

    [
        [[(210, 353), (200, 440), (232, 440), (242, 357)], ()],
        [[(210, 365), (240, 369), (240, 375), (210, 371)], (255, 255, 255)],  
        [[(210, 383), (239, 387), (239, 393), (210, 389)], (255, 255, 255)],  
        [[(210, 401), (237, 405), (236, 411), (210, 407)], (255, 255, 255)], 
        [[(210, 419), (235, 423), (234, 429), (210, 425)], (255, 255, 255)],  
        [[(292, 353), (260, 356), (268, 440), (300, 440)], ()],
        [[(292, 365), (262, 368), (263, 374), (291, 371)], (255, 255, 255)],  
        [[(292, 383), (264, 386), (265, 392), (291, 389)], (255, 255, 255)],  
        [[(292, 401), (266, 404), (267, 410), (291, 407)], (255, 255, 255)],  
        [[(292, 419), (268, 422), (269, 428), (291, 425)], (255, 255, 255)]  
    ],

    [
        [[(210, 353), (200, 440), (232, 440), (242, 357)], (0,0,0)],
        [[(210, 365), (240, 369), (240, 375), (210, 371)], ()],  
        [[(210, 383), (239, 387), (239, 393), (210, 389)], ()],  
        [[(210, 401), (237, 405), (236, 411), (210, 407)], ()], 
        [[(210, 419), (235, 423), (234, 429), (210, 425)], ()],  
        [[(292, 353), (260, 356), (268, 440), (300, 440)], (0,0,0)],
        [[(292, 365), (262, 368), (263, 374), (291, 371)], ()],  
        [[(292, 383), (264, 386), (265, 392), (291, 389)], ()],  
        [[(292, 401), (266, 404), (267, 410), (291, 407)], ()],  
        [[(292, 419), (268, 422), (269, 428), (291, 425)], ()]  
    ],

    [
        [[(210, 353), (200, 440), (232, 440), (242, 357)], (255,255,255)],
        [[(210, 365), (240, 369), (240, 375), (210, 371)], ()],  
        [[(210, 383), (239, 387), (239, 393), (210, 389)], ()],  
        [[(210, 401), (237, 405), (236, 411), (210, 407)], ()], 
        [[(210, 419), (235, 423), (234, 429), (210, 425)], ()],  
        [[(292, 353), (260, 356), (268, 440), (300, 440)], (255,255,255)],
        [[(292, 365), (262, 368), (263, 374), (291, 371)], ()],  
        [[(292, 383), (264, 386), (265, 392), (291, 389)], ()],  
        [[(292, 401), (266, 404), (267, 410), (291, 407)], ()],  
        [[(292, 419), (268, 422), (269, 428), (291, 425)], ()]  
    ],

]