[
    [],
    [
        [[(170, 227), (226, 269), (226, 265), (174, 223)],()],
        [[(89, 154), (99, 178), (106, 169), (155, 211), (158, 207), (109, 165), (114, 157)],()]
    ],
    [
        [[(235, 256), (165, 279), (136, 325), (126, 320), (123, 346), (147, 336), (139, 329), (167, 286), 
        (235, 262)],()],
    ],
    [
        [[(235, 256), (165, 279), (140, 318), (131, 297), (124, 319), (101, 319), (119, 333), (113, 356), 
        (131, 343), (151, 356), (144, 333), (162, 319), (146, 318), (166, 287), (235, 262)],()],
    ],
    [
        [[(235, 256), (165, 279), (137, 323), (131, 310), (115, 330), (125, 332), (123, 346), (137, 340), 
        (146, 347), (149, 321), (143, 323), (167, 286), (235, 262)],()]
    ],
    [
        [[(225, 256), (217, 260), (214, 253), (202, 264), (199, 252), (138, 301), (125, 305), (131, 311), 
        (118, 321), (125, 325), (123, 346), (145, 336), (161, 340), (156, 312), (185, 320), (178, 295), (191, 299), (189, 289), (217, 297), (212, 277), (221, 279), (219, 271), (235, 267)],()]
    ],
    
]