[
    [],
    [
        [[(384, 16), (378, 62), (347, 93), (343, 81), (293, 153), (345, 145), (348, 176), (381, 140), (352, 115), (387, 115), (388, 130), (421, 93), (394, 70), (415, 54)],()],
        [[(91, 43), (100, 56), (76, 72), (106, 112), (108, 104), (142, 104), (112, 129), (143, 166), (146, 145), (206, 153), (151, 79), (149, 87), (124, 62), (131, 15)],()],
    ],
    [
        [[(384, 16), (378, 62), (347, 93), (343, 81), (293, 153), (345, 145), (348, 176), (381, 140), (352, 115), (387, 115), (388, 130), (421, 93), (394, 70), (415, 54)],(0,0,0)],
        [[(81, 50), (100, 95), (135, 80), (120, 111), (170, 130), (158, 136), (164, 162), (212, 150), (172, 125), (156, 84), (168, 86), (124, 11), (110, 61)],(0,0,0)],
        [[(384, 34), (381, 70), (330, 103), (325, 127), (320, 124), (301, 147), (343, 143), (361, 156), (356, 125), (347, 127), (335, 110), (357, 113), (360, 97), (376, 104), (379, 100), (379, 109), (401, 91), (385, 71), (403, 56)],()],
        [[(126, 19), (112, 60), (94, 71), (123, 79), (125, 69), (146, 66), (134, 85), (148, 93), (137, 111), (129, 106), (136, 135), (161, 127), (167, 150), (195, 142), (163, 124), (154, 64), (134, 50), 
        (140, 46)],()]
    ],
    [
        [[(384, 16), (378, 62), (347, 93), (343, 81), (293, 153), (345, 145), (348, 176), (381, 140), (352, 115), (387, 115), (388, 130), (421, 93), (394, 70), (415, 54)],(255,255,255)],
        [[(81, 50), (100, 95), (135, 80), (120, 111), (170, 130), (158, 136), (164, 162), (212, 150), (172, 125), (156, 84), (168, 86), (124, 11), (110, 61)],(255,255,255)],
        [[(384, 34), (381, 70), (330, 103), (325, 127), (320, 124), (301, 147), (343, 143), (361, 156), (356, 125), (347, 127), (335, 110), (357, 113), (360, 97), (376, 104), (379, 100), (379, 109), (401, 91), (385, 71), (403, 56)],()],
        [[(126, 19), (112, 60), (94, 71), (123, 79), (125, 69), (146, 66), (134, 85), (148, 93), (137, 111), (129, 106), (136, 135), (161, 127), (167, 150), (195, 142), (163, 124), (154, 64), (134, 50), 
        (140, 46)],()]
    ],
    [
        [[(384, 16), (378, 62), (347, 93), (343, 81), (293, 153), (345, 145), (348, 176), (381, 140), (352, 115), (387, 115), (388, 130), (421, 93), (394, 70), (415, 54)],()],
        [[(81, 50), (100, 95), (135, 80), (120, 111), (170, 130), (158, 136), (164, 162), (212, 150), (172, 125), (156, 84), (168, 86), (124, 11), (110, 61)],()],
        [[(384, 34), (381, 70), (330, 103), (325, 127), (320, 124), (301, 147), (343, 143), (361, 156), (356, 125), (347, 127), (335, 110), (357, 113), (360, 97), (376, 104), (379, 100), (379, 109), (401, 91), (385, 71), (403, 56)],(0,0,0)],
        [[(126, 19), (112, 60), (94, 71), (123, 79), (125, 69), (146, 66), (134, 85), (148, 93), (137, 111), (129, 106), (136, 135), (161, 127), (167, 150), (195, 142), (163, 124), (154, 64), (134, 50), 
        (140, 46)],(0,0,0)]
    ],
    [
        [[(384, 16), (378, 62), (347, 93), (343, 81), (293, 153), (345, 145), (348, 176), (381, 140), (352, 115), (387, 115), (388, 130), (421, 93), (394, 70), (415, 54)],()],
        [[(81, 50), (100, 95), (135, 80), (120, 111), (170, 130), (158, 136), (164, 162), (212, 150), (172, 125), (156, 84), (168, 86), (124, 11), (110, 61)],()],
        [[(384, 34), (381, 70), (330, 103), (325, 127), (320, 124), (301, 147), (343, 143), (361, 156), (356, 125), (347, 127), (335, 110), (357, 113), (360, 97), (376, 104), (379, 100), (379, 109), (401, 91), (385, 71), (403, 56)],(255,255,255)],
        [[(126, 19), (112, 60), (94, 71), (123, 79), (125, 69), (146, 66), (134, 85), (148, 93), (137, 111), (129, 106), (136, 135), (161, 127), (167, 150), (195, 142), (163, 124), (154, 64), (134, 50), 
        (140, 46)],(255,255,255)]
    ],
]