[ 
    [[[(293, 74), (282, 60), (271, 58), (273, 52), (269, 58), (264, 50), (267, 56), (232, 53), (206, 72), (202, 99), (207, 111), (233, 96), (237, 101), (242, 93), 
    (242, 99), (255, 93), (264, 74), (273, 77), (275, 87), (272, 74), (277, 97), (285, 89), (282, 105), (291, 99), (293, 106)],(0,0,0)]],

    [[[(210, 65), (197, 104), (212, 142), (214, 130), (227, 145), (224, 128), (235, 155), (233, 95), (239, 109), (242, 83), (260, 74), (283, 107), (278, 156), (292, 137), (301, 149), (298, 89), (284, 61), (235, 50)],(0,0,0)]],

    [
        [[(197, 78), (193, 101), (205, 134), (205, 127), (214, 134), (220, 101), (220, 118), (241, 129), (234, 100), (246, 82), (268, 136), (276, 123), (276, 133), (284, 126), (284, 131), (298, 113), (292, 76), (272, 55), (232, 50)],(0,0,0)]
    ],

    [
        [[(214, 54), (196, 90), (204, 121), (220, 132), (230, 85), (266, 100), (259, 90), (293, 99), (283, 86), (296, 92), (304, 127), (309, 91), (327, 79), (312, 75), (325, 68), (250, 42)],(0,0,0)]
    ]


]

