[
    [

    ],
    
    #8
    [
        [[(215, 158), (285, 158), (285, 227), (215, 227)], ()],
        [[(200, 152), (215, 152), (215, 186), (200, 186)], (0, 150, 255)],
        [[(300, 152), (285, 152), (285, 186), (300, 186)], (0, 150, 255)],
        [[(220, 168), (280, 168), (280, 173), (220, 173)], (255, 255, 255)],
        [[(242, 183), (258, 183), (258, 203), (242, 203)], (255, 255, 255)]
    ],
    
    #9
    [
        [[(215, 158), (285, 158), (285, 257), (215, 257)], (0)],
        [[(200, 152), (215, 152), (215, 186), (200, 186)], (0, 150, 255)],
        [[(300, 152), (285, 152), (285, 186), (300, 186)], (0, 150, 255)],
        [[(220, 168), (280, 168), (280, 173), (220, 173)], (255, 255, 255)],
        [[(242, 183), (258, 183), (258, 203), (242, 203)], (255, 255, 255)]
    ],

    #4
    [
        [[(215, 158), (285, 158), (285, 227), (215, 227)], ()],
        [[(230, 158), (230, 138), (250, 158)], (0, 0, 0)],
        [[(270, 158), (270, 138), (250, 158)], (0, 0, 0)],
        [[(185, 140), (215, 152), (215, 188), (195, 183)], (0, 0, 0)],
        [[(315, 140), (285, 152), (285, 188), (305, 183)], (0, 0, 0)]
    ],

    #5
    [
        [[(215, 158), (285, 158), (285, 267), (215, 267)], ()],
        [[(230, 158), (230, 138), (250, 158)], (0, 0, 0)],
        [[(270, 158), (270, 138), (250, 158)], (0, 0, 0)],
        [[(185, 140), (215, 152), (215, 188), (195, 183)], (0, 0, 0)],
        [[(315, 140), (285, 152), (285, 188), (305, 183)], (0, 0, 0)]
    ],

    #1
    [
        [[(215, 154), (285, 154), (285, 227), (215, 227)], ()],
        [[(185, 140), (215, 152), (215, 188), (195, 183)], (0, 0, 0)],
        [[(315, 140), (285, 152), (285, 188), (305, 183)], (0, 0, 0)]
    ],

    #2
    [
        [[(215, 154), (285, 154), (285, 267), (215, 267)], ()],
        [[(185, 140), (215, 152), (215, 188), (195, 183)], (0, 0, 0)],
        [[(315, 140), (285, 152), (285, 188), (305, 183)], (0, 0, 0)]
    ],

    #6
    [
        [[(215, 158), (285, 158), (285, 227), (215, 227)], ()],
        [[(195, 152), (215, 152), (215, 186), (195, 186)], (0, 0, 0)],
        [[(305, 152), (285, 152), (285, 186), (305, 186)], (0, 0, 0)],
        [[(238, 142), (262, 142), (265, 158), (235, 158)], (0, 0, 0)]
    ],

    #3
    [
        [[(215, 158), (285, 158), (285, 227), (215, 227)], ()],
        [[(230, 158), (230, 138), (250, 158)], (0, 0, 0)],
        [[(270, 158), (270, 138), (250, 158)], (0, 0, 0)]
    ],


    #7
    [
        [[(215, 158), (285, 158), (285, 267), (215, 267)], ()],
        [[(195, 152), (215, 152), (215, 186), (195, 186)], (0, 0, 0)],
        [[(305, 152), (285, 152), (285, 186), (305, 186)], (0, 0, 0)],
        [[(238, 142), (262, 142), (265, 158), (235, 158)], (0, 0, 0)]
    ],
]
