[
    [],

    [
        [[(194, 414), (194, 460), (240, 460), (240, 414)],()],
        [[(258, 414), (258, 460), (305, 460), (305, 414)],()],
    ],


    [
        [[(194, 414), (194, 460), (240, 460), (240, 414)],()],
        [[(258, 414), (258, 460), (305, 460), (305, 414)],()],   
        [[(217, 420), (220, 425), (227, 425), (222, 430), (225, 437), (217, 433), (209, 437), (212, 430), (207, 425), (214, 425)], (255, 255, 0)], 
        [[(281, 420), (284, 425), (291, 425), (286, 430), (289, 437), (281, 433), (273, 437), (276, 430), (271, 425), (278, 425)], (255, 255, 0)],
    ],
    
    [
        [[(194, 414), (194, 460), (240, 460), (240, 414)],(0,0,0)],
        [[(258, 414), (258, 460), (305, 460), (305, 414)],(0,0,0)],
        [[(217, 420), (220, 425), (227, 425), (222, 430), (225, 437), (217, 433), (209, 437), (212, 430), (207, 425), (214, 425)], ()], 
        [[(281, 420), (284, 425), (291, 425), (286, 430), (289, 437), (281, 433), (273, 437), (276, 430), (271, 425), (278, 425)], (255, 255, 0)],
    ],

    [
        [[(194, 414), (194, 460), (240, 460), (240, 414)],()],
        [[(258, 414), (258, 460), (305, 460), (305, 414)],()],
        [[(200, 420), (234, 420), (234, 425), (200, 425)], (255, 255, 255)],
        [[(264, 420), (299, 420), (299, 425), (264, 425)], (255, 255, 255)],
        [[(200, 435), (234, 435), (234, 440), (200, 440)], (255, 255, 255)], 
        [[(264, 435), (299, 435), (299, 440), (264, 440)], (255, 255, 255)]
    ],

    [
        [[(194, 414), (194, 460), (240, 460), (240, 414)],()],
        [[(258, 414), (258, 460), (305, 460), (305, 414)],()],
        [[(217, 418), (227, 430), (207, 430)], (0, 0, 255)],             
        [[(281, 418), (291, 430), (271, 430)], (0, 0, 255)],             
        [[(217, 435), (207, 443), (227, 443)], (255, 0, 0)],             
        [[(281, 435), (271, 443), (291, 443)], (255, 0, 0)]              
    ],
    


    [
        [[(194, 414), (194, 460), (240, 460), (240, 414)],()],
        [[(258, 414), (258, 460), (305, 460), (305, 414)],()],
        [[(217, 415), (222, 420), (217, 425), (212, 420)], (255,0,0)],  
        [[(281, 415), (286, 420), (281, 425), (276, 420)], (255, 0, 0)]   
    ],

]